60
1
2
3
4
5
6
7
8
9
10
11
12
13
14
15
16
17
18
19
20
21
22
23
24
25
26
27
28
29
30
31
32
33
34
35
36
37
38
39
40
41
42
43
44
45
46
47
48
49
50
51
52
53
54
55
56
57
58
59
60
160
1 2 1
1 5 4
1 47 3
1 6 11
1 46 2
1 38 13
1 29 1
1 50 5
1 8 11
2 3 1
2 29 1
2 5 2
2 47 7
2 38 9
2 6 10
3 4 1
3 5 2
3 38 10 
3 47 9
3 29 2
3 30 8
4 30 6
4 38 12
4 39 18
4 5 2
4 43 6
4 44 10
4 42 12
4 32 16
4 14 14
4 11 12
5 29 2
5 30 6
5 31 12
5 50 8
6 38 1
6 39 14
6 33 13
6 60 16
6 48 19
6 44 13
6 47 9
7 57 3
7 49 7
7 12 10
7 46 12
7 8 5
7 9 5
7 17 13
7 23 12
7 19 15
8 9 1
8 50 1
8 46 9 
8 57 7
8 12 2
9 12 2
9 50 1
9 57 7
10 22 15
10 20 8
10 28 9 
10 21 20
11 14 1
11 43 11
11 34 7
11 30 5
11 35 14 
12 13 5
12 14 5 
12 26 14 
12 19 17
12 50 3
13 14 1
13 31 8
13 35 10
13 50 10
13 16 7
14 16 7 
14 50 11 
14 31 9
14 15 7
14 26 9
15 16 5
15 17 4
15 26 5
16 17 6
16 31 10 
16 35 13
16 36 16
16 37 17
16 21 14
17 26 5 
17 18 4
17 28 8
17 21 17
18 28 6
18 26 2
18 20 10
18 58 9
19 54 2
19 58 11
19 26 12
19 24 11
19 23 10
19 17 14
20 58 9
20 22 12
20 28 10
21 35 15
21 36 10
21 37 10
21 28 17
22 58 13
22 54 12
22 55 10
22 24 16
22 23 18
23 25 6
23 24 1
23 59 9
23 54 11
23 55 19
24 54 11
24 25 10
24 55 12
24 27 20
24 52 20
25 45 16
25 59 9
25 52 16
25 27 15
25 55 13
26 58 11
27 55 14
27 45 13
27 53 15
27 52 1
27 59 20 
29 46 3
29 50 4
29 31 14
30 43 12
30 35 11
30 31 7
31 35 3
31 50 9
32 56 1
32 34 2
32 35 17
32 42 13
32 43 14
33 41 3
33 39 1
33 40 4
33 38 14
33 60 14
33 48 16
33 47 17
34 56 5
34 35 18
34 37 19
34 36 17
34 42 15
35 56 15
35 36 13
36 37 1
38 39 13
38 48 20
38 44 12
38 43 11
39 41 1
39 40 4
39 44 14
39 43 16
40 41 1
40 60 16
41 42 17
41 44 15
42 43 3
42 44 2
42 56 12
43 44 1
43 56 11
45 53 5 
45 60 10
45 51 1
45 52 11
45 59 11
45 49 11
46 47 1
46 57 3
46 50 6
47 57 5
47 60 18
47 48 13
47 49 10
48 51 2
48 60 8
48 49 8
48 53 9
48 57 15
48 59 9
49 59 1
49 51 10
49 57 7
51 53 6
51 59 10
51 60 9
52 59 20
52 55 16
52 53 12
53 60 11
54 58 3
57 60 20

